8
10
11
12
13
14
15
16
17
18
19
20
21
22
23
24
25
26
27
28
29
30
31
32
33
34
35
36
37
38
39
40
41
42
43
44
45
46
47
48
49
50
51
52
53
54
55
56
57
58
59
60
61
62
63
64
65
66
67
68
69
70
71
72
73
74
75
76
77
78
81
83
84
85
86
87
88
90
91
92
94
95
96
97
99
100
101
116
117
120
130
149
150
151
153
158
161
162
165
168
170
178
181
183
186
187
188
189
190
195
80
182
184
7
204
207
211
213
218
220
93
102
104
115
128
129
133
136
137
141
142
146
154
155
156
157
159
166
169
174
175
225
230
233
235
240
241
242
243
252
253
259
260
271
273
274
275
279
198
199
200
283
6
125
148
264
265
266
268
269
270
272
278
280
282
292
293
297
298
299
192
193
201
209
212
222
226
227
229
234
236
237
239
244
247
251
256
257
258
276
304
214
267
4
79
82
105
111
114
122
124
126
127
131
132
134
138
139
140
179
329
330
336
202
331
108
203
208
307
309
310
312
314
315
316
318
319
320
321
324
325
326
327
328
340
346
349
352
353
354
356
361
365
333
335
383
387
191
223
246
287
289
291
317
332
342
344
380
395
391
396
406
415
417
357
379
420
350
413
422
427
428
429
433
2
121
205
224
232
284
288
301
305
306
308
311
341
359
364
369
370
371
378
390
409
411
440
425
478
399
402
487
488
421
254
263
295
296
303
339
381
389
397
400
407
410
437
439
441
445
448
452
458
459
460
461
463
464
471
494
495
215
216
217
